0	1611751325	calcolatore	2	2
1	1611751332	richiami	2	2
2	1611757461	calcolatore	27159	2948
3	1611766061	calcolatore	25821	2948
4	1611766988	eserciziosistemipar	26583	2948
5	1611778751	calcolatore	2	2
6	1611823745	calcolatore	27159	2948
7	1611824167	calcolatore	26384	2948
8	1611825780	calcolatore	26384	2948
9	1611827521	diagonalizzazione	26648	2948
10	1611835457	esempioFM	21200	3141
11	1611837097	esempioFM	5819	3141
12	1611837387	esempioFM	5819	3141
13	1611839005	altroesempioFM	5819	3141
14	1611848188	calcolatore	27159	2948
15	1611848201	operazionimatrici	27159	2948
16	1611848537	eserciziosistemi	27159	2948
17	1611849009	eserciziosistemipar	27159	2948
18	1611851844	matriceinversa	27159	2948
19	1611912964	calcolatore	26384	2948
20	1611929954	calcolatore	26072	2948
21	1611931256	calcolatore	13782	2948
22	1611937062	esempioFM	16585	3141
23	1611941904	calcolatore	26072	2948
24	1611942218	calcolatore	26678	2948
25	1611963252	calcolatore	26625	2948
26	1612002595	calcolatore	26072	2948
27	1612026337	altroesempioFM	2486	3141
28	1612035159	operazionimatrici	26492	2948
29	1612083204	calcolatore	2	2
30	1612102101	esempioFM	8118	3141
31	1612131855	calcolatriceOFA	9175	3167
32	1612131954	calcolatriceOFA	9175	3167
33	1612133343	limiti121	9175	2980
34	1612133586	calcolatore	2	2
35	1612133593	primitive121	9175	2980
36	1612133672	estremirelativi121	2	2
37	1612133800	sommariemann121	2	2
38	1612133873	areasottografo121	2	2
39	1612133906	limiti121	9175	2980
40	1612133922	densitaripartizione121	2	2
41	1612133943	estremirelativi121	9175	2980
42	1612133950	primitive121	9175	2980
43	1612133963	primitive2grado121	2	2
44	1612133989	primitive2grado121	9175	2980
45	1612134014	limiti121	2	2
46	1612134024	densitaripartizione121	9175	2980
47	1612134060	primitive121	2	2
48	1612134074	areasottografo121	9175	2980
49	1612134231	sommariemann121	9175	3127
50	1612170274	calcolatore	26384	2948
51	1612170505	esempioFM	9183	3141
52	1612170561	altroesempioFM	9183	3141
53	1612179914	esempioFM	21095	3141
54	1612194446	eserciziosistemipar	21242	2948
55	1612194463	eserciziogeneratori	21242	2948
56	1612194519	sommainter	21242	2948
57	1612194534	pagerank	21242	2948
58	1612194540	diagonalizzazione	21242	2948
59	1612194546	autovalori	21242	2948
60	1612197363	sommariemann121	6895	3127
61	1612197398	sommariemann121	6895	3127
62	1612251925	operazionimatrici	21355	2948
63	1612252225	matriceinversa	21355	2948
64	1612253868	densitaripartizione121	9175	2980
65	1612254021	densitaripartizione121	9175	2980
66	1612255530	calcolatore	26384	2948
67	1612257567	limiti121	9175	2980
68	1612257641	estremirelativi121	9175	2980
69	1612257698	primitive121	9175	2980
70	1612257835	primitive2grado121	9175	2980
71	1612257849	densitaripartizione121	9175	2980
72	1612257889	areasottografo121	9175	2980
73	1612262649	autovalori	26384	2948
74	1612262674	autovalori	26384	2948
75	1612263315	autovalori	26384	2948
76	1612263358	autovalori	26384	2948
77	1612267893	densitaripartizione121	9175	2980
78	1612267938	estremirelativi121	9175	2980
79	1612268003	limiti121	9175	2980
80	1612268025	areasottografo121	9175	2980
81	1612268052	primitive121	9175	2980
82	1612279582	calcolatore	26583	2948
83	1612280419	esempioFM	11397	3141
84	1612301013	primitive121	9175	2980
85	1612301039	estremirelativi121	9175	2980
86	1612301047	limiti121	9175	2980
87	1612301097	primitive121	9175	2980
88	1612342011	sommainter	26384	2948
89	1612342027	autovalori	26384	2948
90	1612342081	autovalori	26384	2948
91	1612342669	calcolatore	26384	2948
92	1612346999	calcolatore	26072	2948
93	1612348573	diagonalizzazione	26384	2948
94	1612348704	autovalori	26384	2948
95	1612348715	diagonalizzazione	26384	2948
96	1612348756	autovalori	26384	2948
97	1612349814	eserciziobasi	26384	2948
98	1612361067	calcolatore	26072	2948
99	1612366246	matriceinversa	26492	2948
100	1612366321	applicazionilineari	26492	2948
101	1612366330	eserciziogeneratori	26492	2948
102	1612366365	sommainter	26492	2948
103	1612366642	eserciziogeneratori	26492	2948
104	1612366897	diagonalizzazione	26492	2948
105	1612366928	diagonalizzazione	26492	2948
106	1612372241	calcolatore	26513	2948
107	1612373459	esempioFM	21090	3141
108	1612373603	altroesempioFM	21090	3141
109	1612373966	calcolatore	26513	2948
110	1612374381	esempioFM	21090	3141
111	1612375345	calcolatore	27159	2948
112	1612425927	calcolatore	9175	2948
113	1612425981	eserciziobasi	9175	2948
114	1612426067	eserciziosistemi	9175	2948
115	1612428169	calcolatore	21242	2948
116	1612430505	calcolatore	26072	2948
117	1612435238	calcolatore	26384	2948
118	1612448166	calcolatore	26074	2948
119	1612457211	esempioFM	17205	3141
120	1612458188	pagerank	9105	2948
121	1612458231	diagonalizzazione	9105	2948
122	1612458277	autovalori	9105	2948
123	1612458326	applicazionilinearipar	9105	2948
124	1612458352	applicazionilineari	9105	2948
125	1612458369	sommainter	9105	2948
126	1612458395	eserciziogeneratori	9105	2948
127	1612458411	eserciziobasi	9105	2948
128	1612458425	eserciziogeneratori	9105	2948
129	1612458457	eserciziobasi	9105	2948
130	1612458470	matriceinversa	9105	2948
131	1612458477	calcolatore	27159	2948
132	1612458491	eserciziosistemipar	9105	2948
133	1612458507	operazionimatrici	9105	2948
134	1612458531	calcolatore	9105	2948
135	1612459377	eserciziobasi	27159	2948
136	1612459846	eserciziogeneratori	27159	2948
137	1612463516	esempioFM	13431	3141
138	1612465164	calcolatore	26678	2948
139	1612466360	esempioFM	21672	3141
140	1612466398	esempioFM	21672	3141
141	1612466400	esempioFM	21672	3141
142	1612466402	esempioFM	21672	3141
143	1612512073	calcolatore	9175	2978
144	1612516604	calcolatore	26384	2948
145	1612518552	calcolatore	26074	2948
146	1612519530	limiti121	4157	2980
147	1612519566	primitive2grado121	4157	2980
148	1612519928	richiami	2	2
149	1612520078	richiami	2	2
150	1612520125	richiami	2	2
151	1612520198	richiami	2	2
152	1612520361	richiami	2	2
153	1612520484	richiami	2	2
154	1612520514	richiami	2	2
155	1612520653	limiti121	9105	2980
156	1612520725	estremirelativi121	9105	2980
157	1612520743	primitive121	9105	2980
158	1612520757	densitaripartizione121	9105	2980
159	1612520773	areasottografo121	9105	2980
160	1612521026	richiami	2	2
161	1612521132	richiami	2	2
162	1612521194	richiami	2	2
163	1612521240	richiami	2	2
164	1612521280	richiami	2	2
165	1612523019	calcolatore	26072	2948
166	1612523527	limiti121	21415	2980
167	1612524438	densitaripartizione121	26612	2980
168	1612524707	areasottografo121	26584	2983
169	1612524740	limiti121	22228	2983
170	1612527192	limiti121	15063	2980
171	1612528410	primitive121	28352	2980
172	1612528441	densitaripartizione121	28352	2980
173	1612529278	estremirelativi121	28352	2980
174	1612529312	densitaripartizione121	28352	2980
175	1612529361	areasottografo121	28352	2980
176	1612529707	limiti121	26580	2980
177	1612529974	densitaripartizione121	28352	2980
178	1612529984	limiti121	28352	2980
179	1612530326	primitive121	28352	2980
180	1612530402	areasottografo121	21415	2980
181	1612530425	densitaripartizione121	21415	2980
182	1612530541	estremirelativi121	28352	2980
183	1612530572	densitaripartizione121	26580	2980
184	1612530912	primitive2grado121	26584	2983
185	1612530929	estremirelativi121	26580	2980
186	1612531389	densitaripartizione121	28352	2980
187	1612531798	densitaripartizione121	26532	2980
188	1612531862	estremirelativi121	28352	2980
189	1612531865	primitive2grado121	26584	2983
190	1612532013	areasottografo121	21415	2980
191	1612532049	estremirelativi121	21415	2980
192	1612532055	primitive121	21415	2980
193	1612532239	eserciziobasi	26074	2948
194	1612532596	limiti121	26584	2983
195	1612533894	densitaripartizione121	26298	2980
196	1612534192	areasottografo121	26612	2980
197	1612534247	limiti121	26575	2983
198	1612534523	limiti121	26298	2980
199	1612534630	primitive2grado121	26897	2983
200	1612534813	primitive121	26298	2980
201	1612534935	limiti121	26826	2983
202	1612535253	estremirelativi121	26575	2983
203	1612535771	primitive2grado121	26584	2983
204	1612535825	areasottografo121	26298	2980
205	1612536726	areasottografo121	26298	2980
206	1612536727	areasottografo121	26298	2980
207	1612536727	densitaripartizione121	26298	2980
208	1612536731	areasottografo121	26298	2980
209	1612536732	areasottografo121	26298	2980
210	1612536732	areasottografo121	26298	2980
211	1612536733	areasottografo121	26298	2980
212	1612536734	areasottografo121	26298	2980
213	1612536734	areasottografo121	26298	2980
214	1612536736	areasottografo121	26298	2980
215	1612536950	primitive121	26575	2983
216	1612537431	primitive121	26584	2983
217	1612537547	densitaripartizione121	26298	2980
218	1612537649	limiti121	26366	2983
219	1612537820	limiti121	26219	2980
220	1612537850	primitive121	26571	2980
221	1612537855	densitaripartizione121	26298	2980
222	1612537862	areasottografo121	26298	2980
223	1612538093	limiti121	26639	2980
224	1612538136	estremirelativi121	26219	2980
225	1612538153	primitive121	26219	2980
226	1612538164	areasottografo121	26219	2980
227	1612538172	densitaripartizione121	26219	2980
228	1612538434	limiti121	26584	2983
229	1612538575	estremirelativi121	26298	2980
230	1612538840	limiti121	25804	2980
231	1612539699	primitive2grado121	26575	2983
232	1612539712	areasottografo121	26575	2983
233	1612540468	diagonalizzazione	26072	2948
234	1612540662	limiti121	26284	2983
235	1612541351	primitive121	25804	2980
236	1612542723	primitive121	25804	2980
237	1612543205	limiti121	26219	2980
238	1612543463	primitive2grado121	21432	2983
239	1612545284	densitaripartizione121	29568	2980
240	1612545366	limiti121	26219	2980
241	1612546100	limiti121	26117	2983
242	1612546133	primitive121	26117	2983
243	1612546448	eserciziosistemipar	25883	2948
244	1612547944	limiti121	26755	2980
245	1612548439	matriceinversa	26492	2948
246	1612548652	eserciziobasi	26492	2948
247	1612548663	eserciziogeneratori	26492	2948
248	1612548670	sommainter	26492	2948
249	1612548729	pagerank	26492	2948
250	1612548740	diagonalizzazione	26492	2948
251	1612548768	diagonalizzazione	26492	2948
252	1612548787	diagonalizzazione	26492	2948
253	1612548795	diagonalizzazione	26492	2948
254	1612548808	autovalori	26492	2948
255	1612549403	eserciziosistemipar	20760	2948
256	1612549858	areasottografo121	25804	2980
257	1612551832	areasottografo121	26584	2983
258	1612551835	primitive2grado121	26584	2983
259	1612551839	primitive121	26584	2983
260	1612551845	estremirelativi121	26584	2983
261	1612551851	limiti121	26584	2983
262	1612552611	primitive121	25804	2980
263	1612553658	primitive121	25804	2980
264	1612554082	limiti121	25627	2983
265	1612555430	densitaripartizione121	15063	2980
266	1612557220	primitive121	25804	2980
267	1612597256	areasottografo121	26459	2983
268	1612599931	eserciziogeneratori	26074	2948
269	1612600274	eserciziogeneratori	26074	2948
270	1612600289	sommainter	26074	2948
271	1612600392	applicazionilineari	26074	2948
272	1612600590	primitive121	27388	2980
273	1612601380	applicazionilineari	26074	2948
274	1612602642	primitive121	27388	2980
275	1612602724	limiti121	29568	2980
276	1612603089	areasottografo121	27388	2980
277	1612604285	diagonalizzazione	26492	2948
278	1612604319	autovalori	26492	2948
279	1612604704	limiti121	26575	2983
280	1612604775	calcolatore	26513	2948
281	1612605295	pagerank	26492	2948
282	1612605309	eserciziogeneratori	26492	2948
283	1612605597	estremirelativi121	26575	2983
284	1612605669	eserciziobasi	26492	2948
285	1612606265	eserciziobasi	26492	2948
286	1612607535	primitive121	26575	2983
287	1612608263	calcolatore	26072	2948
288	1612608407	eserciziogeneratori	26492	2948
289	1612608419	eserciziobasi	26492	2948
290	1612608653	primitive2grado121	26575	2983
291	1612609019	diagonalizzazione	26492	2948
292	1612613150	densitaripartizione121	26755	2980
293	1612613241	limiti121	26219	2980
294	1612613799	estremirelativi121	26219	2980
295	1612616018	primitive2grado121	26584	2983
296	1612616020	primitive121	26584	2983
297	1612617896	areasottografo121	27388	2980
298	1612618167	densitaripartizione121	27388	2980
299	1612618773	areasottografo121	26575	2983
300	1612619264	limiti121	27388	2980
301	1612619462	estremirelativi121	27388	2980
302	1612619813	areasottografo121	29568	2980
303	1612619847	estremirelativi121	29568	2980
304	1612619871	primitive121	29568	2980
305	1612619984	densitaripartizione121	27388	2980
306	1612620340	primitive2grado121	26575	2983
307	1612620402	limiti121	26755	2980
308	1612620757	primitive2grado121	26366	2983
309	1612620874	primitive121	26575	2983
310	1612621440	estremirelativi121	26755	2980
311	1612621903	limiti121	26580	2980
312	1612622018	autovalori	26492	2948
313	1612622649	primitive121	26755	2980
314	1612622677	estremirelativi121	26575	2983
315	1612622970	densitaripartizione121	27388	2980
316	1612623121	limiti121	26333	2980
317	1612623315	areasottografo121	27388	2980
318	1612623924	areasottografo121	12087	2983
319	1612624632	areasottografo121	26333	2980
320	1612626511	primitive121	26584	2983